1 0 3

Step 230
8 5 4
2 7 6
1 3 0

Step 231
8 5 4
2 7 0
1 3 6

Step 232
8 5 4
2 0 7
1 3 6

Step 233
8 5 4
0 2 7
1 3 6

Step 234
8 5 4
1 2 7
0 3 6

Step 235
8 5 4
1 2 7
3 0 6

Step 236
8 5 4
1 2 7
3 6 0

Step 237
8 5 4
1 2 0
3 6 7

Step 238
8 5 4
1 0 2
3 6 7

Step 239
8 5 4
0 1 2
3 6 7

Step 240
8 5 4
3 1 2
0 6 7

Step 241
8 5 4
3 1 2
6 0 7

Step 242
8 5 4
3 1 2
6 7 0

Step 243
8 5 4
3 1 0
6 7 2

Step 244
8 5 4
3 0 1
6 7 2

Step 245
8 5 4
0 3 1
6 7 2

Step 246
8 5 4
6 3 1
0 7 2

Step 247
8 5 4
6 3 1
7 0 2

Step 248
8 5 4
6 0 1
7 3 2

Step 249
8 5 4
6 1 0
7 3 2

Step 250
8 5 4
6 1 2
7 3 0

Step 251
8 5 4
6 1 2
7 0 3

Step 252
8 5 4
6 1 2
0 7 3

Step 253
8 5 4
0 1 2
6 7 3

Step 254
8 5 4
1 0 2
6 7 3

Step 255
8 5 4
1 2 0
6 7 3

Step 256
8 5 4
1 2 3
6 7 0

Step 257
8 5 4
1 2 3
6 0 7

Step 258
8 5 4
1 2 3
0 6 7

Step 259
8 5 4
0 2 3
1 6 7

Step 260
8 5 4
2 0 3
1 6 7

Step 261
8 5 4
2 3 0
1 6 7

Step 262
8 5 4
2 3 7
1 6 0

Step 263
8 5 4
2 3 7
1 0 6

Step 264
8 5 4
2 3 7
0 1 6

Step 265
8 5 4
0 3 7
2 1 6

Step 266
8 5 4
3 0 7
2 1 6

Step 267
8 5 4
3 7 0
2 1 6

Step 268
8 5 4
3 7 6
2 1 0

Step 269
8 5 4
3 7 6
2 0 1

Step 270
8 5 4
3 7 6
0 2 1

Step 271
8 5 4
0 7 6
3 2 1

Step 272
8 5 4
7 0 6
3 2 1

Step 273
8 5 4
7 6 0
3 2 1

Step 274
8 5 4
7 6 1
3 2 0

Step 275
8 5 4
7 6 1
3 0 2

Step 276
8 5 4
7 6 1
0 3 2

Step 277
8 5 4
0 6 1
7 3 2

Step 278
0 5 4
8 6 1
7 3 2

Step 279
5 0 4
8 6 1
7 3 2

Step 280
5 4 0
8 6 1
7 3 2

Step 281
5 4 1
8 6 0
7 3 2

Step 282
5 4 1
8 0 6
7 3 2

Step 283
5 4 1
0 8 6
7 3 2

Step 284
5 4 1
7 8 6
0 3 2

Step 285
5 4 1
7 8 6
3 0 2

Step 286
5 4 1
7 8 6
3 2 0

Step 287
5 4 1
7 8 0
3 2 6

Step 288
5 4 1
7 0 8
3 2 6

Step 289
5 4 1
0 7 8
3 2 6

Step 290
5 4 1
3 7 8
0 2 6

Step 291
5 4 1
3 7 8
2 0 6

Step 292
5 4 1
3 7 8
2 6 0

Step 293
5 4 1
3 7 0
2 6 8

Step 294
5 4 1
3 0 7
2 6 8

Step 295
5 4 1
0 3 7
2 6 8

Step 296
5 4 1
2 3 7
0 6 8

Step 297
5 4 1
2 3 7
6 0 8

Step 298
5 4 1
2 3 7
6 8 0

Step 299
5 4 1
2 3 0
6 8 7

Step 300
5 4 1
2 0 3
6 8 7

Step 301
5 4 1
0 2 3
6 8 7

Step 302
5 4 1
6 2 3
0 8 7

Step 303
5 4 1
6 2 3
8 0 7

Step 304
5 4 1
6 2 3
8 7 0

Step 305
5 4 1
6 2 0
8 7 3

Step 306
5 4 1
6 0 2
8 7 3

Step 307
5 4 1
0 6 2
8 7 3

Step 308
5 4 1
8 6 2
0 7 3

Step 309
5 4 1
8 6 2
7 0 3

Step 310
5 4 1
8 0 2
7 6 3

Step 311
5 4 1
8 2 0
7 6 3

Step 312
5 4 1
8 2 3
7 6 0

Step 313
5 4 1
8 2 3
7 0 6

Step 314
5 4 1
8 2 3
0 7 6

Step 315
5 4 1
0 2 3
8 7 6

Step 316
5 4 1
2 0 3
8 7 6

Step 317
5 4 1
2 3 0
8 7 6

Step 318
5 4 1
2 3 6
8 7 0

Step 319
5 4 1
2 3 6
8 0 7

Step 320
5 4 1
2 3 6
0 8 7

Step 321
5 4 1
0 3 6
2 8 7

Step 322
5 4 1
3 0 6
2 8 7

Step 323
5 4 1
3 6 0
2 8 7

Step 324
5 4 1
3 6 7
2 8 0

Step 325
5 4 1
3 6 7
2 0 8

Step 326
5 4 1
3 6 7
0 2 8

Step 327
5 4 1
0 6 7
3 2 8

Step 328
5 4 1
6 0 7
3 2 8

Step 329
5 4 1
6 7 0
3 2 8

Step 330
5 4 1
6 7 8
3 2 0

Step 331
5 4 1
6 7 8
3 0 2

Step 332
5 4 1
6 7 8
0 3 2

Step 333
5 4 1
0 7 8
6 3 2

Step 334
5 4 1
7 0 8
6 3 2

Step 335
5 4 1
7 8 0
6 3 2

Step 336
5 4 1
7 8 2
6 3 0

Step 337
5 4 1
7 8 2
6 0 3

Step 338
5 4 1
7 8 2
0 6 3

Step 339
5 4 1
0 8 2
7 6 3

Step 340
0 4 1
5 8 2
7 6 3

Step 341
4 0 1
5 8 2
7 6 3

Step 342
4 1 0
5 8 2
7 6 3

Step 343
4 1 2
5 8 0
7 6 3

Step 344
4 1 2
5 0 8
7 6 3

Step 345
4 1 2
0 5 8
7 6 3

Step 346
4 1 2
7 5 8
0 6 3

Step 347
4 1 2
7 5 8
6 0 3

Step 348
4 1 2
7 5 8
6 3 0

Step 349
4 1 2
7 5 0
6 3 8

Step 350
4 1 2
7 0 5
6 3 8

Step 351
4 1 2
0 7 5
6 3 8

Step 352
4 1 2
6 7 5
0 3 8

Step 353
4 1 2
6 7 5
3 0 8

Step 354
4 1 2
6 7 5
3 8 0

Step 355
4 1 2
6 7 0
3 8 5

Step 356
4 1 2
6 0 7
3 8 5

Step 357
4 1 2
0 6 7
3 8 5

Step 358
4 1 2
3 6 7
0 8 5

Step 359
4 1 2
3 6 7
8 0 5

Step 360
4 1 2
3 6 7
8 5 0

Step 361
4 1 2
3 6 0
8 5 7

Step 362
4 1 2
3 0 6
8 5 7

Step 363
4 1 2
0 3 6
8 5 7

Step 364
4 1 2
8 3 6
0 5 7

Step 365
4 1 2
8 3 6
5 0 7

Step 366
4 1 2
8 3 6
5 7 0

Step 367
4 1 2
8 3 0
5 7 6

Step 368
4 1 2
8 0 3
5 7 6

Step 369
4 1 2
0 8 3
5 7 6

Step 370
4 1 2
5 8 3
0 7 6

Step 371
4 1 2
5 8 3
7 0 6

Step 372
4 1 2
5 0 3
7 8 6

Step 373
4 1 2
5 3 0
7 8 6

Step 374
4 1 2
5 3 6
7 8 0

Step 375
4 1 2
5 3 6
7 0 8

Step 376
4 1 2
5 3 6
0 7 8

Step 377
4 1 2
0 3 6
5 7 8

Step 378
4 1 2
3 0 6
5 7 8

Step 379
4 1 2
3 6 0
5 7 8

Step 380
4 1 2
3 6 8
5 7 0

Step 381
4 1 2
3 6 8
5 0 7

Step 382
4 1 2
3 6 8
0 5 7

Step 383
4 1 2
0 6 8
3 5 7

Step 384
4 1 2
6 0 8
3 5 7

Step 385
4 1 2
6 8 0
3 5 7

Step 386
4 1 2
6 8 7
3 5 0

Step 387
4 1 2
6 8 7
3 0 5

Step 388
4 1 2
6 8 7
0 3 5

Step 389
4 1 2
0 8 7
6 3 5

Step 390
4 1 2
8 0 7
6 3 5

Step 391
4 1 2
8 7 0
6 3 5

Step 392
4 1 2
8 7 5
6 3 0

Step 393
4 1 2
8 7 5
6 0 3

Step 394
4 1 2
8 7 5
0 6 3

Step 395
4 1 2
0 7 5
8 6 3

Step 396
4 1 2
7 0 5
8 6 3

Step 397
4 1 2
7 5 0
8 6 3

Step 398
4 1 2
7 5 3
8 6 0

Step 399
4 1 2
7 5 3
8 0 6

Step 400
4 1 2
7 5 3
0 8 6

Step 401
4 1 2
0 5 3
7 8 6

Step 402
0 1 2
4 5 3
7 8 6

Step 403
1 0 2
4 5 3
7 8 6

Step 404
1 2 0
4 5 3
7 8 6

Step 405
1 2 3
4 5 0
7 8 6

Step 406
1 2 3
4 0 5
7 8 6

Step 407
1 2 3
0 4 5
7 8 6

Step 408
1 2 3
7 4 5
0 8 6

Step 409
1 2 3
7 4 5
8 0 6

Step 410
1 2 3
7 4 5
8 6 0

Step 411
1 2 3
7 4 0
8 6 5

Step 412
1 2 3
7 0 4
8 6 5

Step 413
1 2 3
0 7 4
8 6 5

Step 414
1 2 3
8 7 4
0 6 5

Step 415
1 2 3
8 7 4
6 0 5

Step 416
1 2 3
8 7 4
6 5 0

Step 417
1 2 3
8 7 0
6 5 4

Step 418
1 2 3
8 0 7
6 5 4

Step 419
1 2 3
0 8 7
6 5 4

Step 420
1 2 3
6 8 7
0 5 4

Step 421
1 2 3
6 8 7
5 0 4

Step 422
1 2 3
6 8 7
5 4 0

Step 423
1 2 3
6 8 0
5 4 7

Step 424
1 2 3
6 0 8
5 4 7

Step 425
1 2 3
0 6 8
5 4 7

Step 426
1 2 3
5 6 8
0 4 7

Step 427
1 2 3
5 6 8
4 0 7

Step 428
1 2 3
5 6 8
4 7 0

Step 429
1 2 3
5 6 0
4 7 8

Step 430
1 2 3
5 0 6
4 7 8

Step 431
1 2 3
0 5 6
4 7 8

Step 432
1 2 3
4 5 6
0 7 8

Step 433
1 2 3
4 5 6
7 0 8

Step 434
1 2 3
4 5 6
7 8 0

PS C:\Users\admin\AppData\Local\Programs\Microsoft VS Code> 



























